3614 2 2 1 1 1 1 1 1 2 2 4 2 2 3 1 1 1 4 1 1  
2389 1 1 1 1 2 2 1 1 1 2 4 1 4 3 1 1 1 4 2 1
226  2 1 1 1 1 1 1 1 1 2 4 1 3 3 1 1 1 3 3 1
2271 1 2 1 1 2 2 2 1 1 2 2 2 4 4 2 2 2 4 4 1
2132 1 2 1 1 2 1 1 1 1 2 3 2 2 1 2 2 2 4 4 2 
2114 2 2 1 1 1 1 1 1 1 2 3 1 3 2 1 1 1 4 1 1 
2106 1 1 1 1 2 2 1 1 1 2 3 1 3 3 1 1 1 4 4 1 
2453 2 1 1 1 2 2 1 1 2 2 3 2 2 4 1 1 2 4 4 1
2217 1 2 1 1 2 2 1 1 1 2 3 1 4 4 1 1 1 4 3 1 
2292 2 2 1 1 1 1 1 1 1 2 1 1 2 2 1 2 1 4 4 1 
2263 2 1 1 1 2 1 2 2 1 2 3 1 3 2 1 1 1 2 1 1
2208 1 1 1 1 1 2 2 2 1 2 4 1 4 4 2 1 2 4 4 2
5311 2 1 2 4 1 2 1 1 2 2 3 2 3 2 1 1 1 4 3 1
2533 2 2 1 2 2 1 2 2 2 2 2 1 3 2 2 1 1 3 3 2
2116 2 1 3 4 1 2 2 3 1 2 3 1 3 2 1 1 1 1 1 1
2119 2 1 2 1 1 2 2 3 1 2 3 1 3 4 1 1 2 3 3 1
2164 2 2 1 1 2 2 2 1 1 1 3 1 3 4 1 1 2 2 4 2
3179 2 1 3 4 1 2 1 2 1 2 3 1 3 4 1 1 1 3 3 1
4085 1 2 1 1 2 2 1 2 1 2 4 1 2 1 2 2 1 2 1 1
2334 1 1 1 2 2 1 1 3 1 2 4 1 3 3 1 2 2 1 1 1
2171 1 1 1 2 2 2 2 3 1 2 4 1 4 4 1 1 2 1 4 2
2114 1 2 1 2 2 2 1 1 1 2 4 1 1 2 2 1 1 4 3 1
2192 2 1 1 4 1 2 1 3 1 1 4 2 3 4 1 1 1 2 4 1
3033 2 1 1 1 1 2 1 1 1 2 3 1 3 4 1 1 1 3 1 1
2214 2 2 1 2 1 2 2 2 2 2 3 1 3 4 1 1 1 4 4 1
2209 2 1 3 4 2 2 2 1 2 2 4 1 1 3 1 1 1 4 2 1	
2137 1 1 1 1 2 2 1 2 1 2 3 1 3 3 1 1 2 4 2 1
2124 1 1 1 2 1 2 1 2 1 1 4 1 3 2 2 2 1 1 1 1
2314 2 1 1 1 2 2 1 1 1 1 3 1 3 2 1 1 1 2 4 1
2829 2 1 1 4 1 2 1 1 1 2 3 1 4 3 2 1 1 3 4 2
2148 2 1 1 2 2 2 1 1 1 1 3 1 3 2 1 1 1 4 2 1
2153 1 1 1 1 2 2 2 1 2 2 3 1 1 4 1 1 2 4 2 1
2406 2 2 1 1 1 1 2 3 1 2 4 1 3 4 2 2 1 1 1 2 
2288 1 2 1 1 1 2 2 1 2 2 1 1 3 2 1 1 1 2 2 2
000  2 1 1 4 2 2 1 3 1 2 4 1 2 3 1 1 2 2 1 1
0001 2 2 2 2 1 2 1 3 1 2 2 1 3 1 1 1 2 4 2 1
0002 1 1 1 1 1 2 1 2 2 1 3 2 3 4 1 1 2 2 3 1
0003 1 2 2 2 2 2 2 2 2 2 2 1 2 2 2 2 1 3 4 2
0004 1 2 2 2 1 1 1 1 1 2 1 1 3 4 2 2 1 2 3 1
0005 1 2 1 1 1 1 2 3 2 2 4 1 1 2 1 1 1 1 3 1
0007 1 2 2 2 2 2 1 1 1 2 1 1 4 4 2 1 1 4 3 1
0008 1 2 2 2 2 2 1 2 2 1 1 1 4 3 2 1 2 1 1 1
2112 1 2 1 1 2 2 2 3 1 2 1 1 4 3 1 1 2 2 3 1
2169 2 1 1 1 1 1 2 2 1 2 4 1 3 4 1 1 1 3 3 1
2316 2 1 1 1 1 2 2 2 1 2 4 1 1 4 1 1 1 4 4 1
1111 2 1 1 1 1 1 2 1 1 2 2 1 1 2 1 1 1 1 2 1
0006 1 1 1 1 1 2 1 1 1 2 3 1 2 3 1 1 1 4 4 1 
7777 2 1 1 1 2 2 1 2 2 2 1 1 3 3 1 1 1 4 2 1
8888 1 1 1 1 1 2 2 2 2 1 3 1 4 4 1 1 2 4 4 2
2104 1 1 1 1 1 2 2 2 1 2 1 1 4 4 1 1 2 3 2 2
1313 2 1 1 1 1 1 1 2 1 2 2 1 3 3 1 1 1 2 1 2
1414 2 1 1 1 1 1 1 2 1 2 3 1 1 3 1 1 1 1 1 2
9999 2 1 1 1 2 1 1 3 2 2 4 2 2 2 1 2 1 2 1 1
2120 2 1 1 1 2 2 1 2 1 2 3 1 4 2 2 2 1 4 2 1
6875 1 1 1 1 2 2 1 1 1 2 2 2 2 2 2 1 1 4 2 1
